=====================================================================

                              P A M P A                              

=====================================================================

Tue Oct  7 18:13:10 2025

pampa_craft.py --deamidation -p northeast_markers.tsv -o northeast_markers_deam.tsv

PAMPA CRAFT, mode DEAMIDATION

------------------------------
   INPUT PEPTIDE TABLE
------------------------------

  Petide table file(s) : northeast_markers.tsv 
  Total number of species : 49

  Aedes aegypti (taxID:7159)                   3229.8 3357.9 2504.1 3414.4 2376.0 1557.7 1428.7 
  Anas platyrhynchos (taxID:8839)              1276.7 2711.3 2150.1 1631.8 2927.5 2241.1 1847.9 2955.6 2063.1 2191.2 3021.6 1210.6 1529.8 
  Aquila chrysaetos (taxID:8962)               1897.9 3015.6 2123.1 2251.2 3022.7 1235.7 1554.8 2684.3 1319.7 2207.1 1617.8 2964.5 2291.1 
  Arabidopsis thaliana (taxID:3702)            2937.5 2953.5 1923.0 1766.9 1688.9 2714.4 2129.2 1669.9 2258.0 1969.0 1614.8 1841.9 2298.0 1570.8 3264.5 3280.5 1662.9 1500.8 2648.1 3704.8 3720.8 1305.7 2399.1 2813.3 1810.8 1486.8 2556.3 2057.0 1682.7 1472.8 1544.9 1344.7 1897.0 1416.8 1886.1 2253.2 1758.0 1489.8 1992.9 1333.7 1825.2 2060.0 1697.1 
  Bos taurus (taxID:9913)                      1792.9 2106.0 1880.0 1972.0 1404.7 2351.1 2076.9 1942.8 1578.6 1418.7 1479.8 1352.7 1482.8 2811.2 2369.2 2213.1 1705.9 1697.9 1725.0 1369.7 1499.8 1224.7 1645.9 2276.2 2166.2 1358.7 1723.8 1556.8 1305.7 1669.8 1307.7 1633.8 1875.0 1960.0 1523.8 1457.9 1659.0 1930.1 1635.9 2622.4 2575.5 1494.7 1461.7 1191.6 1309.6 1491.8 1685.9 2112.1 2353.2 2495.3 1657.0 2863.5 2232.2 1635.8 3331.6 1601.9 1615.9 2618.4 3359.7 2974.4 1763.8 3443.6 1354.6 1946.9 2572.3 3450.8 3466.8 2295.2 2311.2 1954.1 1970.1 3183.6 3510.7 3253.6 1623.8 2493.2 1610.8 1744.9 1629.8 2750.3 1790.9 2094.1 3117.4 3420.6 2215.1 2602.3 2343.2 2730.4 1548.8 1402.8 1516.7 2602.3 1644.8 3057.3 2099.9 3457.6 1960.9 2586.3 3452.8 3468.8 2297.2 2313.2 1956.0 1972.0 3196.6 3508.8 3251.6 2479.1 1742.9 1627.8 2736.3 3131.5 3434.6 2246.0 2633.2 2374.1 2744.4 1500.7 2616.4 1628.8 1484.8 1412.7 2135.0 1612.9 2391.2 2653.3 1533.8 3112.6 1591.8 1695.9 1539.8 1614.8 3190.7 1458.7 2264.2 1751.0 2119.1 1578.8 1589.9 3050.6 1602.9 1735.9 1466.7 2455.2 1688.9 1204.6 3029.6 1269.7 3157.6 2262.2 2003.1 2462.4 2435.2 3579.9 3390.7 1604.8 2494.2 2693.2 1349.5 1889.0 1362.7 1732.9 1236.7 1733.9 1081.6 1615.8 1631.8 2430.2 2811.5 2333.2 1267.7 1853.8 1511.8 1639.9 2477.2 3100.4 3116.4 2363.1 1643.7 1964.0 1480.8 1130.6 2493.1 1201.6 1601.8 2368.1 1742.7 1095.6 1720.9 2548.2 2564.2 2316.0 1737.8 1585.8 2899.4 2915.4 2403.1 2419.1 1332.7 1348.6 1618.7 1089.5 1863.9 2393.1 2020.0 1962.9 1435.7 1719.8 1088.5 2908.5 2046.1 1615.8 1661.8 1655.8 2895.4 1628.9 1334.7 2404.2 1947.1 1655.8 2057.0 2073.0 1258.6 1161.6 1844.9 1115.5 1192.6 1605.8 2880.4 2896.4 2131.0 1706.8 1764.9 2277.0 2915.4 2854.4 2946.5 2439.2 1105.6 2199.0 1044.5 2963.4 1111.6 1115.5 1903.0 1934.0 1727.9 1880.9 3585.8 1500.8 1372.7 1213.6 1590.8 2018.0 2853.4 2869.4 1850.9 2012.9 1682.8 1507.7 1782.9 1762.9 2199.1 2572.2 1281.6 1507.8 1428.7 1442.7 1935.0 1692.9 3644.8 2331.2 2608.3 1643.8 2886.4 2150.0 3463.7 1553.8 3014.5 1994.9 1245.7 1786.0 2151.0 2646.4 1672.9 1302.6 2719.2 2948.3 2307.1 2323.1 2591.3 2607.3 1459.7 1743.9 1812.9 1828.9 2214.1 2230.1 2105.0 2526.2 2542.2 2216.1 2232.1 2984.5 1240.7 1344.6 1686.8 2271.1 2759.3 2775.3 2930.3 2946.3 1832.9 1848.9 1744.8 1116.5 2600.2 2616.2 2513.2 2529.2 3017.4 3033.4 2185.1 2201.0 1560.8 1576.8 1976.0 1992.0 2378.2 2394.2 1136.6 2486.2 1758.9 1248.5 1246.6 3055.4 3071.4 2705.3 2721.2 2384.1 1364.5 1890.8 2003.8 2387.1 2403.1 1616.7 2470.2 2486.2 1844.8 1962.9 1519.7 2045.0 3503.6 1888.9 2316.0 1633.7 1331.7 1692.9 1545.8 1386.6 1884.9 1627.8 2952.4 2174.0 2401.2 1923.9 1939.9 1956.0 1723.8 2301.1 1567.7 1439.8 1595.9 1388.6 1700.8 2137.0 2153.0 2867.2 1738.8 1497.6 2472.2 1546.9 2298.1 1900.0 1897.1 2701.2 1465.7 2490.3 1664.8 1667.8 2829.3 2414.2 1823.9 1850.9 2441.2 2220.1 1504.9 2199.1 2105.9 1399.7 1756.7 2034.1 1769.8 2029.0 2663.3 3680.8 2419.2 2449.1 1368.7 1546.7 1846.0 3099.7 2044.1 2211.1 2145.1 2468.2 1761.9 2373.2 1922.0 1774.0 2595.3 1662.9 3091.6 2185.1 1466.8 1877.1 1594.9 2518.1 2776.2 2390.0 2896.4 3282.6 1779.0 2038.1 1815.8 1632.9 2642.3 2259.1 1379.7 2230.2 1560.8 1582.9 2434.2 1548.8 2789.4 2278.1 1365.7 1493.8 1891.0 1465.8 3643.7 1703.9 2574.4 1832.0 2304.0 3133.6 3475.8 1928.0 1584.8 1336.6 1679.8 2262.3 2615.5 1726.9 1634.9 1805.9 1334.7 1813.9 2114.1 2439.3 1915.0 1691.9 2136.2 1938.0 2066.1 1222.6 3092.6 2537.3 1672.8 1359.6 1792.8 2165.0 2710.3 2465.2 1800.9 1547.8 2084.1 2151.2 1727.9 1406.8 1645.8 1853.8 1890.0 1278.7 1478.8 1885.9 2964.4 1715.9 3440.6 3456.6 2148.0 1236.6 1880.8 2282.0 3201.4 2961.4 2524.2 1339.6 1768.9 1640.8 1425.7 1425.7 2481.2 2795.3 2353.1 2065.0 2507.3 3803.9 2374.2 1757.9 2338.1 1468.8 1277.7 2763.4 3293.6 1679.8 2804.3 1804.8 2806.2 2432.0 1830.9 2203.1 3117.5 2040.0 1488.8 1322.6 1632.8 2290.2 1389.7 2420.2 1550.8 2123.1 1603.7 2176.0 2909.3 1667.8 1324.6 1390.6 2125.9 2734.3 2017.9 2373.1 1410.7 1882.9 1453.7 2371.2 2525.2 1880.8 2699.2 1466.6 2153.0 1594.7 1792.9 1339.6 2326.1 1700.7 2589.3 2605.3 1562.8 1656.8 1084.6 1851.8 2424.1 2007.9 1804.9 2233.1 1648.8 1668.9 1342.6 1641.8 2549.2 3051.4 1782.8 2072.1 1287.6 1201.6 1912.9 1115.5 2792.3 1194.6 2952.4 2162.0 1427.7 1769.9 1580.8 1922.9 2657.3 2673.2 2151.0 1095.5 2875.4 1057.6 1173.6 1387.7 1537.7 1936.9 2780.3 2796.3 1860.9 1876.9 1261.6 1277.6 2051.0 2650.3 2393.2 2581.2 2597.2 2863.4 2879.4 1473.7 1829.9 1845.9 2285.2 2301.1 2259.1 3033.5 1492.7 2473.3 2131.1 1821.8 2987.3 1919.8 1184.5 2725.4 2741.4 2603.3 2619.3 2261.1 2277.1 1532.8 1997.0 2382.2 2398.2 1168.6 1208.7 2784.4 1223.6 1536.8 2269.0 2285.0 1775.1 2034.2 2306.4 1304.7 2300.1 2051.1 3331.5 3225.4 2336.1 1358.6 2247.9 2402.1 1605.8 1724.9 2268.2 2208.1 1424.6 1907.8 2585.4 3298.8 2103.1 1478.8 1385.7 1541.8 2031.1 2397.3 1716.9 2507.3 1649.8 1604.8 1557.9 3194.6 2280.1 1751.9 1433.8 1361.7 1923.0 1718.0 1618.8 1659.8 1776.9 1377.7 1784.9 2367.3 2172.1 
  Caenorhabditis elegans (taxID:6239)          1692.8 1397.8 1615.9 1551.7 1507.7 1986.0 2022.1 1894.0 2592.3 2015.0 2204.1 1570.8 1626.8 2214.2 1343.7 2838.3 1733.8 1889.9 2857.4 2429.2 2301.1 1428.8 1655.9 2104.0 1661.8 2019.0 1440.8 1272.7 1559.8 1460.7 1856.0 1505.8 1727.9 1468.7 1759.9 2512.2 1349.6 1742.9 1986.1 2170.2 1793.9 1688.8 1665.8 1922.9 2331.2 3243.7 2203.1 1801.0 2680.3 1588.8 2276.1 2519.2 2429.2 2672.4 2585.3 1991.0 1732.8 1862.9 2260.0 2833.3 2481.2 2353.1 2481.2 2642.4 2414.3 2286.2 1776.9 1883.9 1533.8 2222.1 2860.4 2350.2 2052.9 1387.6 1662.8 3090.3 2084.9 1547.6 2228.1 1561.7 2592.2 2282.1 1705.8 1375.7 1481.8 3729.8 1810.0 2466.2 2209.2 2225.2 1503.8 1519.8 1967.0 1289.6 1830.9 1531.8 1632.8 2394.1 2737.3 2593.3 1378.6 2767.3 1563.8 2296.2 1407.7 2887.5 1704.9 2515.3 2643.4 2009.0 1699.9 1843.0 1496.7 2330.1 1565.8 1715.0 1447.8 1820.0 2182.2 1642.8 1413.8 1490.8 1360.7 1839.0 2270.1 1759.8 2161.0 2430.1 1733.8 2383.1 2089.0 2014.9 1464.7 1675.8 1874.9 1932.9 1515.8 1886.9 1489.7 2243.1 1528.8 2032.9 1860.9 1757.9 1545.8 2557.3 1629.8 2096.0 2068.0 1939.9 2110.1 2039.0 1910.9 1690.8 2216.1 2289.1 2150.1 1776.0 1463.8 1872.0 1765.9 1352.7 2751.4 1630.8 3028.4 1502.8 1417.7 3200.5 2403.1 2158.1 1529.8 1515.8 1763.9 1971.0 1543.8 1786.9 2484.3 1502.7 1758.9 1374.6 1712.9 1556.8 1755.9 2580.3 2000.0 1946.0 2824.4 2212.0 
  Canis lupus familiaris (taxID:9615)          2076.9 1942.8 1578.6 1797.8 1953.9 2146.0 1453.7 1795.9 1214.6 1428.7 1817.9 1833.9 1576.8 2041.0 2426.3 2442.2 1236.7 1733.9 1081.6 2811.5 1267.7 2975.4 2991.3 1615.8 1631.8 2404.2 2333.2 1656.8 1084.6 2370.0 1749.9 2151.0 1593.8 1634.8 2192.1 2401.2 2417.2 3021.4 2104.1 1257.6 1926.9 1158.5 2820.4 1223.6 2936.4 1566.8 1908.9 2643.2 2659.2 2109.0 2833.4 1542.7 1941.9 2785.3 2801.3 1874.9 1890.9 2664.3 2611.2 2627.2 2893.4 2909.4 2273.2 2289.1 2275.1 2999.5 1508.7 1735.8 2901.3 1877.8 2806.4 2822.4 2684.4 2700.3 2342.2 2358.2 1226.6 2791.4 1554.8 2486.2 2384.1 1664.8 1504.9 2330.2 2071.1 2496.3 3681.8 1972.9 2733.4 2421.2 2267.0 2072.9 1268.5 1861.0 1377.5 3416.6 1759.7 1586.7 3344.6 3360.6 2194.1 2350.2 1881.9 1241.5 1241.7 1636.9 2044.1 1418.6 1916.9 1659.8 2946.4 1404.7 2179.0 2390.1 1930.9 1749.9 2327.1 1593.8 1469.8 1625.9 1387.5 3351.6 3367.6 2351.0 2947.5 1983.1 2444.2 1872.0 1479.8 1611.9 1483.8 1611.9 1583.8 2406.2 2310.1 1338.7 1510.8 2831.3 1548.8 2413.1 1839.9 2768.3 2086.0 2019.9 1300.6 1801.7 1990.0 1222.6 2524.2 2326.1 1700.7 2589.3 2605.3 1562.8 2549.2 1782.8 1201.6 1095.5 1057.6 1261.6 1277.6 2051.0 2393.2 1473.7 2473.3 2131.1 1184.5 1168.6 1223.6 2269.0 2285.0 
  Carassius auratus (taxID:7957)               1514.8 2926.4 2163.1 1993.0 1864.9 3028.6 1148.6 1470.8 2168.2 1899.0 1380.8 3078.6 1699.9 
  Chelonoidis niger (taxID:66189)              2433.3 2247.1 2612.4 1342.7 3267.7 2603.4 1998.0 1733.9 2485.2 1533.8 1405.7 2488.5 1781.1 1408.9 1336.7 1708.9 2766.4 1448.8 
  Chlorocebus pygerythrus (taxID:60710)        2351.1 1354.6 3450.8 3466.8 1954.1 1970.1 3183.6 3253.6 1623.8 2493.2 1610.8 2750.3 1790.9 2094.1 3117.4 3420.6 2215.1 2602.3 2343.2 2730.4 1548.8 1402.8 1516.7 2602.3 1644.8 1338.6 3505.6 2008.9 2634.3 2509.4 2525.4 1907.9 1792.9 2367.3 2172.1 
  Crithidia fasciculata (taxID:5656)           3669.8 3097.5 2404.2 2622.4 1643.9 1800.0 1471.7 1849.0 2058.0 2062.0 1633.8 2440.2 1789.9 2784.5 1435.8 2103.2 1848.0 1367.7 1468.7 3131.3 1312.6 3090.3 1664.8 1271.6 3275.4 1794.9 1458.7 1398.7 3316.4 2114.0 1102.5 1700.8 1572.7 1701.8 
  Equus caballus (taxID:9796)                  2554.2 1276.7 2059.0 1515.7 2872.4 2227.1 1833.9 3218.7 2949.5 3077.6 1268.7 3012.6 1587.9 2686.4 1767.8 2078.1 1582.7 2098.0 1398.6 1333.7 1753.8 1526.7 2461.3 1503.7 1401.6 3217.6 2305.2 2835.4 2484.3 3062.5 1617.8 2128.0 1500.7 1384.9 1414.7 1286.7 1414.7 3470.7 2556.4 2999.6 2597.4 2384.3 2928.5 1946.0 3300.7 2675.4 2708.5 2969.4 3590.8 3464.8 2349.2 2193.1 1952.0 1652.8 1905.1 3364.7 1867.0 2514.3 2287.1 1693.9 1504.8 1232.5 1360.6 
  Felis catus (taxID:9685)                     2076.9 1578.6 1352.7 2262.2 2003.1 1765.9 1609.8 1511.8 1639.9 1897.1 2421.2 1469.8 1625.9 2444.2 1872.0 1479.8 1510.8 2416.3 2422.1 3551.8 3665.8 2426.1 2288.1 1295.5 1855.0 1391.5 2992.3 3437.6 1529.7 2352.1 3449.5 2196.0 1956.9 1272.5 1257.7 1956.8 1634.9 1400.6 1898.9 1641.8 3023.5 1362.7 2162.0 2442.2 1983.0 2343.1 3387.5 3403.5 2608.2 1416.6 2404.2 1581.8 2858.4 2386.1 1852.9 2755.3 1490.9 2102.0 2022.9 1302.6 1800.7 1960.0 
  Gallus gallus (taxID:9031)                   2351.1 2476.2 2320.1 1642.8 2548.1 1656.8 1095.6 1720.9 2532.2 2548.2 1727.8 1572.8 2860.4 2876.4 2404.1 2420.1 1306.6 1322.6 1645.7 1116.5 1819.8 2349.1 1975.9 1934.9 1393.7 1677.8 1102.6 1643.8 1711.8 1394.7 2422.2 2015.0 2031.0 2300.1 2277.1 1157.6 2856.4 2872.3 1138.6 2188.0 1736.8 1821.9 1162.6 2254.0 2992.4 1085.6 1129.6 1255.6 2032.0 2879.4 2895.4 1876.9 1307.6 2936.3 1871.0 1887.0 2540.2 2556.2 2163.0 2230.0 2246.0 3042.5 2743.3 2759.3 2898.3 2914.3 1816.9 1832.9 1696.8 1100.5 2627.2 2643.2 1532.7 1548.7 1974.9 1990.9 2350.2 2366.2 1264.6 3039.4 3055.4 2689.3 2705.3 2412.2 2428.2 1994.0 2009.9 2207.1 2223.1 3113.4 3129.4 2458.2 2016.0 2568.2 1251.7 1780.9 2338.1 1712.7 2521.2 2537.2 1095.6 1603.8 1619.8 2418.2 2863.5 2879.5 2369.2 2385.2 1319.7 1640.8 1068.6 1792.8 2365.1 1948.9 1765.9 2179.0 1609.8 1653.8 1327.7 1668.8 2491.2 3015.4 1766.8 2423.2 1267.6 2093.1 1174.5 2120.1 2368.1 2007.0 1185.6 2985.5 2777.3 2793.3 2164.0 1463.7 1805.9 1594.8 1937.0 2671.3 2687.3 2116.0 2854.4 1071.6 1133.5 1301.7 1522.8 1921.9 2741.3 1862.9 1237.6 2108.0 2733.3 2450.2 2539.3 2555.3 2821.5 2837.5 1547.7 1825.9 1841.9 2251.1 2267.1 2269.1 2927.5 1531.7 2475.3 2133.1 1749.8 2915.3 2931.3 1872.8 1620.8 1636.8 3051.5 2709.3 2454.3 2470.3 1166.6 1220.7 2859.4 1307.6 1548.8 2305.0 2321.0 2811.2 3100.6 2813.5 2039.0 2436.2 2265.1 1384.8 1714.0 2863.5 2593.3 1482.9 1811.1 2870.3 2984.4 1340.9 2984.4 2856.3 3015.4 2519.3 3591.7 3145.6 1476.7 2265.2 2110.1 1610.9 2291.1 2945.4 2868.4 2369.2 2213.1 2619.3 2595.4 2034.1 1705.9 3336.7 1697.9 1725.0 1369.7 1499.8 1224.7 1645.9 2276.2 2166.2 2960.4 1749.8 1358.7 1639.8 1398.6 2231.0 1458.7 1794.9 1521.8 2201.1 1880.9 1444.7 1535.8 1963.0 1748.9 1723.8 3628.8 2345.2 2622.3 1657.8 3464.7 2887.4 3015.5 1993.0 1633.9 1864.0 2149.1 2724.4 1739.9 1868.0 1784.1 2071.3 2243.4 2124.0 1295.7 1268.6 2678.2 3163.5 1428.7 2671.2 1753.8 2835.4 1434.6 2337.1 2465.2 1803.9 1945.9 1675.8 1361.7 2210.0 2976.5 1839.8 3346.7 3435.7 2281.2 2764.3 2374.1 3042.6 1465.8 2227.1 2027.1 1687.8 2249.1 3527.8 2460.3 1859.0 3073.6 3474.6 1555.7 3087.5 2284.1 1709.8 2008.9 1581.7 1773.9 3293.6 3180.5 2517.3 1731.9 1345.7 1621.9 1414.7 2049.1 2065.1 1265.7 1955.1 1971.1 2644.3 1707.9 3560.8 2149.3 1871.9 1423.9 1325.6 1428.8 1464.7 1857.0 1300.7 1572.8 1629.9 1416.7 3904.0 2251.1 2492.3 3648.8 1671.9 2701.3 1996.0 1479.8 2185.1 2238.2 3730.7 1546.8 3050.5 1864.9 1522.7 1830.8 1462.8 2601.1 1674.6 1733.9 2412.1 2256.0 1526.8 1682.9 3086.4 2287.0 2621.2 1827.8 2627.2 2410.2 1669.9 1541.8 1669.9 1655.8 2054.0 2026.0 1897.9 2512.2 3690.7 2384.1 3236.5 3252.5 1325.6 2886.3 2902.3 1929.9 1945.9 1647.8 2481.2 1498.9 1268.6 1602.7 2181.0 2515.1 2764.4 2638.3 2529.2 1561.7 3279.6 1939.9 1805.9 3350.6 2571.2 2074.9 1837.0 2316.1 2858.4 2628.3 2062.9 1464.8 1736.8 1712.0 1916.1 1454.8 1631.8 1873.0 1971.9 2213.1 2498.3 1727.9 1494.8 1863.0 1443.8 1556.8 1659.0 3236.7 3564.0 3443.6 1354.6 1946.9 2572.3 3450.8 3466.8 2295.2 2311.2 1954.1 1970.1 3183.6 3510.7 3253.6 1623.8 2493.2 1610.8 1744.9 1629.8 2750.3 1790.9 2094.1 3117.4 3420.6 2215.1 2602.3 2343.2 2730.4 1548.8 1402.8 1516.7 2602.3 1644.8 3057.3 2099.9 3457.6 1960.9 2586.3 3452.8 3468.8 2297.2 2313.2 1956.0 1972.0 3196.6 3508.8 3251.6 2479.1 1742.9 1627.8 2736.3 3131.5 3434.6 2246.0 2633.2 2374.1 2744.4 1500.7 2616.4 1628.8 1559.7 1632.8 1459.8 1833.9 1538.7 1645.9 1381.7 1908.9 1779.9 2050.0 1758.8 1853.8 2097.0 2339.1 2545.4 1762.0 1399.8 2304.2 2460.3 2118.1 2773.4 2430.3 2532.2 2203.1 1439.6 1796.0 1595.9 1439.8 1464.8 1492.8 1336.7 2718.2 1557.9 2562.1 2389.3 1179.6 2613.4 1533.8 1661.9 1642.9 1997.1 2541.3 2500.3 1764.9 3045.9 2776.7 2162.1 1481.7 1878.9 1938.9 3241.7 1706.9 2905.6 2194.2 2144.1 2855.5 2791.4 2304.2 1892.8 1728.8 1562.9 1553.8 1904.9 2261.1 2471.3 1687.9 1437.8 1300.8 1457.8 3370.7 2475.1 1943.0 2426.2 1663.9 1427.8 3174.6 1720.0 1977.1 3366.6 1971.0 1908.0 1635.9 2595.4 1653.9 2002.8 1731.7 2156.0 2427.1 2418.1 2546.2 3187.7 2448.3 1566.8 3090.6 1639.8 1847.9 1856.0 1469.8 1618.8 1491.8 1692.8 2754.1 1389.7 3111.3 1915.7 1429.7 2988.2 3116.3 2130.9 1548.7 1200.5 1460.7 1142.5 1198.6 1803.9 2169.0 1270.6 1978.9 1872.8 1756.8 2359.0 2199.0 2542.2 2769.3 2960.4 2725.1 1615.8 2569.0 1634.7 1929.8 1478.6 1732.9 1976.0 1447.8 1980.1 2265.3 2452.3 1841.0 1742.8 1742.8 3100.4 3116.4 2313.2 2935.6 1539.9 1203.7 1637.8 1331.7 1454.9 2603.4 1979.2 1843.0 2297.2 2122.2 1964.0 1311.8 1457.8 1365.8 3132.6 1480.8 3023.4 1785.9 3470.6 2675.2 1130.6 1583.7 2361.2 1629.7 2801.4 1999.0 1528.7 1276.8 1575.9 3511.9 2406.3 1201.6 2635.3 2079.1 2242.1 1223.5 2961.4 2219.1 1295.5 1521.7 1489.8 2629.2 2564.2 2830.6 2429.1 2368.1 3127.7 2450.2 1723.1 2067.0 1791.9 1690.9 1423.6 1349.7 1742.7 2189.1 2320.9 2449.0 2316.0 1727.9 2895.4 1655.8 1258.6 1443.8 1161.6 3010.6 2326.1 3228.5 2263.2 3100.4 2881.5 1485.7 2104.1 1613.8 1517.8 2118.0 1389.7 2611.3 1845.0 1887.0 3381.7 3095.6 3649.7 1550.8 2017.9 2957.4 2698.2 2829.5 3088.6 3199.7 2046.0 1407.7 2403.2 2545.3 2656.4 1946.0 1412.7 1476.7 1044.5 1590.8 2150.0 2719.2 1459.7 1743.9 2625.4 1508.8 1498.8 1205.6 1785.9 1533.9 2199.1 2440.3 2745.4 3266.7 1515.9 3025.6 1504.8 1240.7 1344.6 1686.8 2271.1 2513.2 2529.2 2185.1 2201.0 1136.6 2234.2 1975.1 2486.4 2379.2 2146.1 1511.8 3212.6 1250.4 2943.4 1519.6 1818.7 1495.8 1758.9 1555.7 3082.4 1651.9 2963.5 1702.8 2807.4 1765.8 1569.8 2956.2 1593.9 1248.5 3492.3 1984.0 1836.6 1915.9 1674.7 3127.5 1432.7 3651.7 2479.2 2715.2 2384.1 1545.8 1613.8 1413.8 1500.8 1362.6 1518.8 1490.7 1664.8 1807.9 1641.9 1548.8 2712.3 1289.7 2192.1 1645.8 2914.4 2227.1 3022.6 2121.2 2249.2 2978.6 1222.7 1541.9 1222.6 2299.2 2127.1 2572.4 1302.6 1562.8 1201.6 1095.5 1184.5 3029.6 2896.6 2527.4 3666.7 1526.7 1993.9 2956.4 2697.3 2871.5 3130.6 3241.7 1619.8 2196.1 1463.7 2600.4 3134.5 3357.7 2298.2 1951.9 1418.7 2367.3 2172.1 
  Glycine max (taxID:3847)                     2603.3 2273.1 3754.8 2522.3 1500.7 3173.5 1423.7 2387.2 2231.1 3134.5 3630.8 3290.6 1873.0 3154.4 3170.4 3397.6 3413.6 2078.9 2492.3 2620.3 2500.3 3465.8 3621.9 1373.7 1874.0 1728.9 2232.2 1902.0 3329.7 2468.2 1446.7 2964.4 3551.7 1742.9 1586.8 3062.5 1679.8 1494.7 2366.1 2551.2 3610.7 3176.6 2315.1 1931.9 3078.3 3360.4 2634.1 1521.8 1495.7 2479.3 1301.7 2607.4 2401.3 1450.6 3446.8 2229.1 2030.0 1873.9 
  Helianthus annuus (taxID:4232)               1838.1 2255.3 2387.3 1865.8 2021.9 2021.9 2191.1 1249.7 2347.2 2572.3 3080.6 3451.7 2297.3 2141.2 2283.1 1872.9 1512.8 1753.8 1597.7 2760.4 3035.5 3568.9 1608.9 3270.7 1947.0 1797.0 1640.9 1408.7 2008.0 1360.7 2885.5 2191.2 1543.8 1771.9 1492.8 1764.9 1946.0 3036.3 2406.1 3566.6 1427.7 1958.0 2168.1 1455.8 1758.0 1711.9 1611.9 2366.2 3542.7 2210.1 2877.3 1351.6 2903.4 1544.7 3472.7 3699.8 2114.1 1760.9 1604.8 1543.7 1543.7 1387.6 1466.7 1466.7 1554.8 1310.6 2463.1 2307.0 
  Helianthus tuberosus (taxID:4233)            1557.8 1885.0 1401.7 2335.2 2915.5 1878.0 1263.7 1766.9 2011.0 1965.1 2669.6 1983.3 1714.1 3406.8 3422.8 2926.6 2942.6 2651.4 2667.4 1727.9 1432.8 1255.7 2695.4 1715.9 1458.7 1852.9 1396.8 2845.4 1724.8 1622.8 1971.1 2396.2 1750.9 1339.8 1367.8 1211.7 2123.0 1616.8 1580.8 2559.3 1495.7 2802.5 3077.6 1369.7 1572.8 1956.0 2478.4 2977.6 3201.7 2914.5 2069.2 1800.0 3082.6 3136.6 1968.0 2034.0 3455.0 3471.0 1867.9 1911.0 1963.2 1807.1 2368.2 1666.9 1800.9 2089.2 2947.7 2417.5 2937.7 2953.7 2105.3 3020.7 3332.9 3148.8 2385.1 1688.9 1540.8 1614.8 1985.0 2130.1 1595.8 1751.9 1408.8 1280.7 1725.9 1437.8 1883.0 2658.3 1671.7 1319.7 1751.9 2545.4 1372.8 1718.9 1931.0 1431.8 3179.5 1679.8 1365.7 3027.6 1832.8 1762.9 1532.9 2989.7 1737.1 1753.0 1367.9 1383.8 1832.9 2861.6 2465.2 
  Homo sapiens (taxID:9606)                    1235.6 1563.8 2331.1 2347.1 1093.5 1766.8 1352.7 1315.6 2146.0 1214.6 1533.7 1751.8 1657.8 1735.8 2869.4 2885.4 2373.1 2389.1 1302.6 1318.6 1847.9 2377.1 2004.0 1992.9 1465.7 1749.9 1350.7 2420.2 1131.5 1229.6 2869.4 2885.4 1866.9 1297.6 2281.1 2297.1 2565.3 2581.3 2184.1 2200.1 2121.0 3000.5 1546.8 1562.8 1962.0 1978.0 2364.2 2380.2 2454.2 2470.2 1951.9 1967.9 2165.0 2181.0 2957.5 2638.3 3279.6 1939.9 1805.9 1934.0 2213.1 2264.1 1547.9 2334.1 1527.7 3241.5 1471.8 2525.2 3727.8 3634.9 3150.7 3166.7 2432.3 3419.9 3435.9 2057.9 3055.4 2981.5 1770.9 1786.9 3651.6 1598.8 2220.2 2236.2 2012.1 2028.1 1608.8 2274.1 2009.0 2802.4 2674.3 2802.4 2389.1 2006.9 1878.8 2517.2 2553.3 2315.1 2627.5 1509.0 1352.9 1408.7 2517.4 1252.6 2175.2 1283.8 1560.7 1773.8 1802.8 2253.1 1146.6 1260.7 3269.7 2608.2 1545.7 2504.1 3361.6 3779.8 1823.0 2315.1 2843.4 2627.3 1771.9 1465.8 2699.2 1643.8 1556.8 1933.1 1633.8 1875.0 1960.0 1457.9 1494.7 1461.7 1191.6 2112.1 2353.2 2495.3 1635.8 1236.7 1733.9 1081.6 2811.5 2333.2 1267.7 1257.5 1915.8 1926.9 1158.5 1223.6 2936.4 1341.8 2686.2 1650.9 2414.1 1386.6 1884.9 1627.8 3362.5 1432.8 2917.3 1779.9 2300.1 1623.8 1467.8 1624.0 1381.5 3407.6 2347.0 3626.8 2045.1 2542.3 1600.7 1511.8 1924.1 1639.9 2560.3 2404.2 3059.5 2859.3 2203.0 1853.9 2488.1 1342.6 1840.9 1490.9 1676.7 2477.2 1442.6 1144.5 1141.7 3100.4 3116.4 2363.1 1643.7 1964.0 1480.8 1130.6 2493.1 1201.6 1601.8 2368.1 1742.7 1095.6 1720.9 2548.2 2564.2 2316.0 1585.8 1618.7 1089.5 1088.5 1615.8 2433.3 3563.9 1655.8 3365.7 2515.1 2383.1 1875.0 2895.4 2178.0 1959.8 1320.5 3514.7 1939.9 2721.3 2593.2 1899.0 1742.9 1899.0 1953.9 1548.7 1655.8 2057.0 2073.0 1258.6 1161.6 1844.9 1115.5 1192.6 1605.8 2880.4 2896.4 2131.0 1706.8 1764.9 1105.6 2199.0 2959.4 2975.4 2342.1 1547.8 2418.2 1823.8 2396.1 1979.9 1775.9 1044.5 2177.0 1619.8 1696.9 1683.8 2519.2 3001.5 1253.6 2874.4 2890.4 1477.8 1819.9 2963.4 2137.1 2861.4 1440.7 1510.7 1909.9 2727.3 2743.3 1834.9 1235.6 2567.3 2583.3 2849.4 2865.4 1111.6 2255.1 1488.7 2457.3 2115.1 2917.3 2748.4 2764.4 2626.3 2642.3 2284.1 2300.1 1562.8 1578.8 2027.0 2043.0 2412.2 2428.2 2800.4 1727.9 1590.8 2018.0 2150.0 2719.2 1663.9 2887.5 2074.1 1657.9 1899.0 1906.0 1495.8 1645.0 1944.1 1621.9 2948.3 2636.4 2589.5 1339.7 1757.9 1505.9 1642.9 2863.5 2232.2 3347.7 1375.7 1459.7 1743.9 1812.9 1828.9 2526.2 2542.2 2216.1 2232.1 1240.7 1344.6 1686.8 2271.1 2759.3 2775.3 2930.3 2946.3 1832.9 1848.9 1744.8 1116.5 2600.2 2616.2 2513.2 2529.2 2185.1 2201.0 1136.6 2486.2 1758.9 1248.5 1246.6 3055.4 3071.4 2705.3 2721.2 1545.8 1664.8 2044.1 1548.8 1222.6 2524.2 2326.1 1700.7 2589.3 2605.3 1562.8 1656.8 1084.6 2072.1 1201.6 1580.8 1922.9 2657.3 2673.2 1095.5 1057.6 2051.0 2650.3 2393.2 1829.9 1845.9 2285.2 2301.1 1919.8 1184.5 1168.6 1223.6 2296.2 2037.1 2496.3 1384.5 
  Lama guanicoe (taxID:9840)                   1985.0 1328.7 2317.1 2229.2 2246.1 2090.0 2249.2 2209.1 1728.9 2373.4 1464.7 2052.0 1735.1 1265.8 1410.7 1879.9 2569.4 1477.8 1177.7 
  Magallana gigas (taxID:29159)                1508.8 2141.2 1444.7 2710.5 2928.6 2205.1 2992.5 2333.2 3069.6 3705.9 2941.5 2219.2 3676.8 1846.8 1476.6 1606.7 1643.9 1358.8 2449.1 1450.6 2560.4 2404.3 
  Meleagris gallopavo (taxID:9103)             1784.1 2071.3 1268.6 2671.2 1753.8 2337.1 2465.2 2259.4 2100.0 1311.7 2687.2 3172.5 1437.7 2807.4 1406.6 1717.9 1859.9 1589.8 1370.7 
  Mesocricetus auratus (taxID:10036)           1607.8 2421.3 1960.0 2684.4 2288.2 1556.8 2156.1 2887.5 1977.0 2750.4 1755.9 2050.1 3153.6 3590.9 2671.2 1854.1 2799.3 3417.6 1664.0 1535.9 1301.8 2997.7 2924.5 1714.9 
  Microcebus murinus (taxID:30608)             1528.8 2820.5 1380.7 3163.7 1645.7 2142.0 1901.0 1811.8 2588.5 2434.3 2081.1 1568.8 1518.8 2263.2 1518.8 1759.9 1823.0 2314.2 3527.6 3543.6 1667.8 2702.2 2971.4 1286.7 2112.1 3324.7 3340.7 2649.3 2665.3 2057.0 1495.7 1852.9 1493.9 1802.8 1559.7 1770.9 1650.7 1772.0 1274.7 1494.6 2889.1 3549.5 1413.6 2575.2 2154.9 2802.4 1948.9 2188.0 1478.6 2384.1 1792.8 2061.1 1339.7 1458.8 
  Mus musculus (taxID:10090)                   1191.6 2463.2 1489.8 1724.8 2564.3 2820.4 1381.7 2227.2 1816.8 1635.8 1277.6 
  Notamacropus eugenii (taxID:9315)            3063.5 2188.1 1591.8 1855.9 1685.9 1442.7 1604.8 1776.9 1448.7 3037.4 2614.2 2770.3 1338.7 1338.7 1182.6 1263.6 1636.8 1519.7 1203.6 1637.7 1524.6 1807.8 1618.7 1779.8 1541.8 1440.6 1659.7 1289.6 1392.6 1971.8 1545.7 2192.9 1488.7 1504.7 1858.8 1191.5 2342.0 1523.7 1386.6 1810.8 1526.7 
  Odobenus rosmarus divergens (taxID:9708)     2297.2 3329.8 2603.3 2886.5 1570.8 2289.2 1334.7 1471.8 1649.8 2148.2 2392.3 2760.3 1654.9 1676.0 1692.0 1955.0 1713.9 1789.9 1473.7 2198.2 1729.9 2104.0 2120.0 2347.2 2363.2 1928.0 2056.1 1494.8 1494.8 1342.7 2249.0 1343.7 1601.7 1499.8 1757.8 2576.3 1635.8 1479.7 2704.4 2659.2 2821.4 1630.9 1765.8 3082.4 1819.9 1459.7 1376.7 2160.1 2105.0 2807.3 1917.9 1434.7 2176.1 1391.7 1487.7 2272.1 1615.8 1236.6 2689.5 1936.0 1802.9 2448.3 1988.0 2146.0 3339.5 1989.9 2449.1 1368.6 3668.7 1356.8 2588.2 1484.9 3147.7 1230.7 1733.0 3143.6 1936.0 2725.4 2741.4 2984.6 3000.6 3025.6 3153.7 2897.6 2053.1 2360.3 1769.0 1545.8 1936.0 2673.4 3555.8 1408.7 1564.8 3798.9 2615.3 2259.1 2458.3 1774.8 2131.0 2131.0 1284.7 1263.7 2201.2 1842.0 3046.5 2421.2 1982.0 1509.7 2266.2 1950.0 3719.0 3735.0 2975.6 1746.9 3599.9 3784.9 3800.9 2269.2 2285.2 1669.9 2691.3 2134.1 3391.9 2872.6 2409.3 2201.1 1836.9 1383.7 
  Odocoileus virginianus texanus (taxID:9880)  1551.8 1706.9 1649.9 2640.3 2062.0 1521.8 1567.8 2416.3 2288.2 2444.3 3069.5 1874.9 2219.1 1619.8 1473.7 1688.9 2664.4 2944.4 1995.0 1753.8 1570.8 1497.8 2699.2 2040.1 1812.9 3039.4 1546.7 1887.0 3461.7 2264.1 1934.0 3107.4 1946.9 1662.7 1448.8 1386.8 2242.2 3260.5 3388.6 1610.9 1767.0 1932.9 1819.8 1663.7 1621.8 1535.8 1706.9 1456.7 1293.7 2271.1 1549.8 1421.7 1696.9 1225.5 3254.4 1873.8 2848.3 2047.9 2886.3 1512.7 2193.0 2349.1 1841.9 1871.9 1267.6 2086.0 1962.0 1818.0 1901.9 2649.3 2665.3 3003.4 3019.4 2614.2 2630.2 1968.0 1512.7 2488.2 2492.3 1358.7 1304.7 1362.7 1579.7 2739.4 1899.9 3214.7 3095.6 1294.7 1650.9 1621.9 2213.0 2229.0 2540.2 2556.2 2618.3 3658.8 1334.7 2772.4 1686.9 2983.5 1829.9 2736.5 3300.8 3316.8 1794.0 2927.5 1525.8 2246.1 1420.7 3224.7 1689.8 2379.2 2848.5 1591.9 2121.1 1836.9 1435.8 2471.3 1743.9 2705.5 1664.9 1793.0 3391.8 1557.7 2244.0 2833.2 2046.9 1294.6 1613.7 1323.7 1339.7 2101.9 
  Oncorhynchus kisutch (taxID:8019)            2724.5 2465.3 2981.6 1718.8 1562.7 1690.8 1390.7 1390.7 3561.5 1339.7 3009.4 1558.6 2021.9 1953.0 1873.0 1412.7 2851.5 1474.7 1616.9 1948.9 2582.3 3194.5 3827.9 3623.8 3232.4 1319.7 1202.7 1914.9 1687.7 1691.8 1563.7 1777.9 3367.6 1649.8 3375.6 1736.8 1813.9 1657.8 2277.1 1248.7 1465.8 1621.9 1613.7 3197.3 1457.6 2087.9 1758.7 1741.7 1035.5 1972.8 3102.4 1432.8 1379.7 2114.1 2855.6 3464.7 1441.8 2657.3 2041.9 3076.5 1506.7 3213.5 2020.0 1961.8 2573.5 2314.3 1647.8 1775.9 1558.8 2057.0 1430.7 2746.3 3372.6 3388.6 2902.4 2791.2 2001.9 2104.0 1410.6 3128.7 3476.8 3890.0 2560.2 1860.9 2829.4 1746.9 2650.1 3409.5 3481.5 1695.8 1762.8 
  Oncorhynchus mykiss (taxID:8022)             3373.5 2576.2 2704.3 1326.6 3296.7 1611.8 2036.0 1989.1 1724.9 2177.2 1525.8 1574.9 2133.2 2589.4 1688.8 2874.6 1351.7 1479.8 1811.1 1541.9 2620.5 1403.7 1829.9 1860.0 3045.6 3265.6 2776.6 1838.9 2392.2 2634.3 1445.7 3426.6 2923.4 2238.0 1565.8 3072.3 3648.6 2142.0 2657.3 1822.9 1478.8 1607.8 1423.7 1630.8 1455.7 1382.7 1739.9 3261.5 1559.8 1515.8 3389.6 2534.2 1809.9 1587.8 1431.7 2483.2 1838.9 2749.4 2992.5 2877.5 1503.8 2425.2 1375.7 3259.6 1632.9 1493.8 2925.4 1981.1 1642.8 2130.1 1989.0 3573.7 3919.9 1848.9 1442.8 1300.7 1977.0 2882.4 1181.7 3281.7 2516.3 2247.1 1176.7 3126.7 1495.8 
  Oryctolagus cuniculus (taxID:9986)           2076.9 1942.8 1578.6 1482.8 1910.9 1585.8 1571.8 1316.6 2731.2 2429.0 1594.6 2252.3 2010.1 2798.5 2146.1 1371.7 2182.1 3064.6 2054.0 2786.3 3269.5 2044.0 2265.1 2035.0 1420.7 1650.8 1464.7 1592.8 1829.0 1957.1 1985.1 1521.8 1542.7 2265.0 3140.4 2108.9 1477.7 2540.4 2299.2 1751.8 2890.3 1892.8 1157.5 1723.8 2957.5 2129.1 2471.3 2717.3 2595.3 2253.1 1562.8 2027.0 2412.2 2428.2 1221.6 2775.4 1237.6 1549.8 2243.0 2259.0 3654.8 3390.7 2697.4 2052.9 2309.0 1296.5 1885.0 2172.0 1446.6 1318.5 3134.5 3150.5 2968.4 2984.4 1538.7 2126.1 2142.1 1472.7 2315.1 1628.8 2059.0 2194.1 1902.9 1266.6 1557.7 1936.9 1700.9 1415.8 1666.9 1705.8 2204.0 2864.3 2941.4 3386.6 1609.9 1426.7 1650.9 1525.6 2907.3 1397.5 1983.1 1528.8 2530.2 2984.5 2922.4 1911.1 1525.9 1654.0 2442.3 2339.2 1619.8 1339.6 2772.3 2471.1 1779.9 2599.2 2562.4 2270.3 2029.0 1292.7 1786.7 1693.8 1467.8 2199.1 1507.8 1935.0 1692.9 3644.8 2331.2 2608.3 1643.8 2886.4 3463.7 1553.8 3014.5 1245.7 1786.0 2646.4 1672.9 1302.6 2028.9 1714.8 1530.7 1780.9 1785.9 2595.2 1458.8 1472.7 2009.0 2165.1 1168.6 2296.2 2037.1 2496.3 
  Ovis aries (taxID:9940)                      2213.1 1705.9 1697.9 1725.0 1369.7 1499.8 1224.7 1645.9 2276.2 2166.2 1358.7 3331.6 1601.9 1615.9 2618.4 3359.7 2974.4 1763.8 2277.0 2915.4 2854.4 2341.2 2946.5 2439.2 
  Panthera tigris altaica (taxID:74533)        1869.0 2196.1 1449.7 1651.8 2086.1 1949.0 1406.8 1998.1 1663.9 2912.4 2928.4 1424.8 3318.6 3334.6 3435.6 2438.2 2169.0 2680.3 3160.6 3859.9 3875.9 3901.0 2149.0 1668.8 1463.8 2328.1 1968.9 1466.6 1338.5 2487.1 2359.0 2836.3 3348.5 1474.7 1986.9 1641.8 1772.9 3126.3 2268.2 1430.7 1485.7 2100.0 2470.2 1943.9 1357.7 
  Papio anubis (taxID:9555)                    2051.1 1932.0 3575.8 1662.9 1350.8 1478.9 1381.6 1478.9 2119.1 1982.1 1854.0 3359.7 2300.3 1863.0 2245.1 1515.7 1378.7 
  Phaseolus vulgaris (taxID:3885)              2485.2 3120.7 3148.5 3237.6 2090.9 2098.1 2492.3 1586.8 2812.4 3212.5 2881.3 1986.9 2217.1 2624.3 1322.7 1320.7 1217.7 3367.8 1971.1 2444.2 1476.7 1221.5 1830.9 2411.2 1478.6 2172.1 1608.7 3006.6 3510.8 2288.1 2335.2 1769.9 2023.0 2949.4 3192.5 1324.7 1451.8 3572.8 3297.7 1753.8 1992.0 1959.0 2185.2 1936.0 1626.8 3354.8 2257.2 1802.9 1438.8 2974.4 1423.8 2910.6 2605.3 2608.5 1302.8 3324.8 1767.9 2019.1 2205.1 2790.5 1575.7 2405.2 1965.1 1914.1 2858.3 1751.9 2153.2 1432.8 1775.8 2339.0 1574.7 2018.0 1553.8 1851.9 1397.7 1394.7 2335.1 1734.8 2055.0 2471.3 3164.5 1375.8 3497.7 1807.8 2556.5 1708.9 1377.9 1656.8 1400.8 1833.0 2283.2 2753.3 1443.7 2201.1 1873.9 1658.8 1999.0 2851.5 1465.7 2577.4 2807.6 2092.1 1854.0 2339.3 3845.8 3099.6 2099.2 2011.1 2356.2 1256.7 3546.8 1861.9 1860.0 1703.9 1634.8 2852.4 1478.7 1647.8 1775.9 2911.6 1732.9 1563.8 1834.9 2167.1 2156.3 1656.0 2471.2 1874.0 2882.4 2580.3 2085.0 2204.1 2630.4 2445.3 3058.5 1659.8 1446.7 2802.3 2802.3 2674.2 2370.1 2423.3 3398.7 3109.5 1394.7 2178.3 1575.9 1643.7 1483.6 1542.6 2160.1 1733.8 2203.2 2629.4 2444.4 3088.5 1689.8 1476.7 2757.3 1630.8 3212.6 2949.4 1749.9 2416.2 1912.9 1784.8 2616.3 2673.3 2488.2 
  Phasianus colchicus colchicus (taxID:9057)   1733.9 2558.4 2285.2 1982.0 1288.6 3511.9 2635.3 2242.1 2219.1 1521.7 2629.2 2830.6 3127.7 1723.1 1791.9 1423.6 
  Piliocolobus tephrosceles (taxID:591936)     1442.9 1949.9 2437.1 3198.5 2948.4 2964.4 3379.5 1699.8 3409.9 1698.8 1709.8 1614.9 1860.9 1418.7 1624.8 1496.7 1620.8 3154.6 1492.7 3016.6 1680.9 2721.5 2343.4 1385.8 2755.6 1573.8 2045.0 1619.7 1727.9 2057.1 2496.3 1573.8 2368.2 2496.3 1653.9 3167.6 1525.8 2800.3 1660.7 3431.6 3637.6 2292.0 1591.8 1364.6 1926.0 2153.2 2082.1 1369.7 
  Pogona vitticeps (taxID:103695)              2113.1 2383.3 2608.4 2153.1 1997.0 2940.4 2422.2 2120.2 1478.8 2253.0 3799.8 2605.2 2371.2 1565.8 2612.4 2946.5 1309.8 3785.0 2556.3 3394.8 3603.7 1501.8 2815.4 3434.8 1589.8 1992.1 1864.0 1917.0 3514.6 
  Prunus dulcis (taxID:3755)                   3191.5 2690.3 3463.7 2358.2 1304.7 2829.4 1857.9 1699.9 2200.1 1828.0 2973.6 2845.5 
  Rattus norvegicus (taxID:10116)              2351.1 2404.1 2420.1 1306.6 1322.6 1645.7 1116.5 1819.8 2349.1 1975.9 2015.0 2031.0 2627.2 2643.2 1578.6 1766.8 1455.8 1384.6 1816.8 2380.2 1630.9 1701.8 1476.8 1319.6 2348.2 1841.9 1703.8 2738.4 2633.3 2490.2 2775.3 1650.9 1836.0 2711.3 2555.2 1503.8 2047.1 1738.9 1523.8 1679.9 2200.1 2556.3 2953.5 2277.2 1708.9 1465.8 1539.8 1896.0 1335.7 1853.9 1610.8 1533.6 1817.8 3010.4 2159.1 1495.8 2602.4 2318.2 1711.9 3661.8 1690.8 1955.0 2495.2 2367.1 1931.0 2975.5 3032.5 2790.4 1475.8 1717.9 1891.0 1935.9 2351.1 2121.0 1888.0 1289.7 1417.8 1819.9 1722.9 1677.9 2619.3 1806.0 1332.7 2089.1 1470.7 1769.9 2155.1 1515.8 1901.0 2086.1 1601.8 1723.0 1496.9 1356.8 1974.1 1494.7 1368.6 1575.8 3227.6 2999.4 2299.1 1521.8 1393.7 1521.8 1444.7 1343.7 1482.8 1879.0 1708.9 1373.8 1601.9 1859.9 1988.0 1562.8 1995.0 1967.0 1838.9 2122.1 2023.0 1894.9 2811.2 1924.9 1797.8 2384.1 1953.9 1764.9 2166.0 1608.8 1753.9 1315.6 1710.8 2549.2 2987.4 2098.1 2114.1 1239.6 1159.6 2298.1 1990.0 1157.5 2978.4 2836.3 2146.0 1453.7 1795.9 1592.8 1935.0 2643.3 2659.3 2010.9 1069.5 2735.3 1214.6 1428.7 1510.7 1909.9 2743.3 2759.3 1850.9 1251.6 2067.0 2666.3 2381.1 2597.3 2613.3 2879.4 2895.4 1533.7 1817.9 1833.9 2273.2 2289.1 2257.1 2987.5 1490.7 2500.3 2158.1 1751.8 2890.3 1892.8 1157.5 2740.3 2618.3 2276.1 1576.8 2041.0 2426.3 2442.2 1203.6 2786.4 1265.7 1531.8 2271.0 2287.0 1334.7 2161.0 2567.2 1572.7 2730.4 2129.1 1735.9 2297.2 2566.3 2965.5 1252.7 3061.5 1571.9 2195.1 1940.0 2554.3 1298.6 3278.6 2250.1 2022.9 1457.7 2178.1 1811.0 2565.2 2821.6 3035.6 1714.0 2444.3 1340.6 1422.8 1122.7 2416.4 2216.2 1957.1 1479.9 2479.3 2434.3 2149.1 2542.1 2410.1 1411.5 1642.9 1940.8 1570.7 1301.5 3517.6 1657.8 2060.0 1903.9 2317.1 1632.7 1768.9 1229.7 1913.0 2184.1 2743.4 1967.0 2797.4 2123.1 1362.7 3050.7 1356.8 1904.0 2006.1 1408.8 1977.1 1660.9 1724.9 2041.1 3376.7 2124.1 1670.8 1387.7 1490.8 1543.8 1543.8 1813.0 2372.4 2388.3 1267.7 2104.1 2971.6 2987.6 2189.1 1976.0 1790.8 3027.4 1975.9 2938.4 1255.6 3096.6 1535.8 2148.1 1579.9 1618.7 1530.7 1423.7 2080.0 1859.9 2023.9 2265.1 3283.6 1406.8 1278.7 2536.4 2132.1 2545.4 3351.6 3755.8 1738.0 1981.1 2930.6 2275.3 1933.0 3562.9 2848.5 1582.8 2437.3 2555.3 1549.8 1599.9 1829.0 1849.9 1682.9 2355.3 2084.1 2010.0 2379.1 1406.8 1458.7 3101.6 2613.4 2181.1 2096.0 2528.3 1583.9 1554.7 1910.9 2849.3 3049.6 2005.0 1755.0 1633.9 1649.9 1790.0 1806.0 1516.7 1388.6 1645.8 2872.4 1993.9 1177.6 2419.3 1713.9 2033.0 1509.8 2127.2 1925.0 2804.6 3260.8 1732.8 1590.8 2171.0 2084.0 2558.2 2318.1 3559.7 2944.4 1914.1 1489.9 1709.9 1397.7 2887.6 3563.0 1508.9 3469.8 2073.1 3797.0 2915.5 2400.3 1504.8 2142.2 1376.7 2338.4 2610.5 2210.3 3098.6 1774.0 3509.9 2483.3 1559.9 1668.0 1311.8 2922.6 3619.9 2348.3 2079.1 2183.3 1429.7 1403.7 1433.7 2873.6 1814.1 3227.5 3596.8 3805.8 2196.0 2451.2 2880.4 3004.6 3259.8 3134.4 2378.1 2875.4 1562.8 1334.7 2750.4 2644.4 3316.8 2516.3 1507.8 1319.7 2742.4 2586.3 1929.0 2235.1 1853.9 1473.8 3301.8 2116.1 3324.7 3340.7 2383.4 2399.4 1849.0 1865.0 1546.9 2731.5 2153.2 1390.8 2243.3 1915.1 1882.1 2874.5 2890.5 3694.0 3710.0 3343.8 3359.8 2246.2 1755.9 1645.8 3331.6 3010.6 1992.0 3125.3 3141.3 2104.2 3253.4 3269.4 3019.5 2038.0 2331.2 3060.6 1381.9 3216.7 2311.2 3011.6 2155.1 1714.9 1670.9 1474.8 3050.6 1702.0 1513.9 1944.1 1931.9 1506.8 2592.3 1674.8 2875.4 2527.2 2543.2 2059.0 2589.4 2164.1 2559.3 1647.8 3225.6 3544.8 1596.8 2461.2 2145.1 3328.6 3097.6 2134.1 1978.0 1512.8 1350.7 2420.2 1131.5 1229.6 2197.1 1480.7 2326.2 1686.8 2532.3 3129.5 2161.1 1461.7 3246.6 2146.1 1875.9 3076.6 1389.7 3603.8 1705.9 2273.1 1916.9 2545.3 2389.2 2844.5 3443.6 1354.6 1946.9 2572.3 3450.8 3466.8 2295.2 2311.2 1954.1 1970.1 3183.6 3510.7 3253.6 1623.8 2493.2 1610.8 1744.9 1629.8 2750.3 1790.9 2094.1 3117.4 3420.6 2215.1 2602.3 2343.2 2730.4 1548.8 1402.8 1516.7 2602.3 1644.8 1559.7 1236.7 1081.6 1615.8 1631.8 1853.8 1471.8 1621.7 1995.0 2268.0 2090.9 1749.8 1933.8 1374.6 1989.1 1886.9 1874.0 2701.3 1646.8 2940.4 2280.1 1345.7 2152.0 3399.6 2808.4 1765.9 1599.7 2286.1 2087.1 1609.8 1535.7 1611.9 2276.1 2782.2 2191.1 3236.5 2675.4 3616.7 1498.8 1986.0 1626.9 1453.7 1488.7 2446.2 1816.9 1465.8 2087.0 1439.8 1804.9 1960.0 1576.8 1880.0 2662.3 2607.3 1676.8 1405.7 2428.3 1605.8 1281.6 2760.3 2230.1 1770.9 1825.9 2262.1 1824.8 1970.0 2229.1 1329.7 2082.0 1580.8 1691.8 1465.7 2143.0 1807.9 1462.9 1350.8 1357.6 1757.9 1721.8 1757.0 1891.9 1540.8 1506.7 1511.8 2004.0 2134.0 2137.9 1574.8 1882.8 1487.8 1486.7 1955.0 1702.8 1996.0 2615.3 1899.9 1543.7 1799.8 1865.9 1709.8 1951.0 2809.4 1960.0 2331.1 2594.3 2938.5 2212.1 1776.9 1472.9 1688.9 1420.7 1533.8 2054.1 2106.0 1977.9 2705.3 1584.9 2036.1 1930.0 1599.8 2341.2 1332.6 1428.8 1417.7 3121.6 1545.8 1851.0 1722.9 2865.3 2422.1 1745.9 2294.0 2340.1 2424.2 1524.8 1485.7 1778.9 3516.5 1487.7 1817.9 1430.8 1512.8 3116.3 1371.7 1553.7 1586.8 1913.9 1487.7 1795.8 1964.9 2940.4 1496.7 3410.4 1661.8 1621.8 2410.1 1811.9 3344.6 1482.7 1990.9 2216.0 1548.6 1961.9 3159.5 2479.0 2924.3 2703.2 2719.2 1993.9 2962.3 2978.3 3323.5 1488.7 2477.2 2729.2 2885.3 1661.9 1620.8 1790.0 1904.0 2181.8 2250.1 1826.9 2638.3 1353.7 3085.2 3100.4 3116.4 1481.8 3080.4 2331.1 1445.8 2177.0 1602.9 2363.1 3200.5 1566.8 2368.3 1792.0 1663.9 3004.5 1643.7 1535.8 2027.0 3160.6 2506.2 2640.3 2791.3 1964.0 1651.0 1649.9 1747.9 1835.0 2955.5 1795.0 1480.8 1430.6 1886.9 3068.6 1751.0 1806.0 1535.9 1130.6 2827.4 1692.0 1510.9 2826.4 1863.1 1540.8 1460.7 1201.6 1897.0 1319.7 1925.0 1594.8 1547.6 1831.8 3024.4 2368.1 2521.3 2237.2 1742.7 1630.9 2988.5 3045.6 2803.4 1879.0 2294.2 2064.1 2592.3 2635.3 1693.9 2060.1 1740.9 1869.0 1526.9 2004.1 1401.8 2017.1 1902.0 1674.9 2316.0 1831.9 2059.0 1960.0 2305.1 2602.3 1458.7 1586.8 1585.8 2086.0 1650.8 1747.9 2239.1 1947.0 1662.7 1487.7 1518.8 1345.7 1759.9 1643.9 1536.8 1507.8 2107.9 1852.9 2798.4 1962.0 2333.1 2910.4 2115.0 1986.9 2716.2 1597.9 2043.1 1930.0 2354.2 1441.8 1727.9 1088.5 1626.8 1524.8 1615.8 1655.8 2895.4 1655.8 1258.6 1443.8 1161.6 1192.6 1605.8 1584.9 2680.3 2798.5 2814.5 1689.8 1677.8 2702.5 3392.7 3408.6 1521.8 3703.6 1718.0 1589.9 2166.2 2316.1 2050.9 2761.4 1591.8 2366.3 1764.9 2143.1 2917.5 2356.2 1614.7 1476.7 1105.6 1639.7 2180.2 1925.1 1316.7 2180.2 2052.1 1939.0 1748.0 2615.4 1681.8 2030.9 2288.0 2342.1 1111.6 1590.8 2018.0 1749.8 2150.0 2719.2 2307.1 2323.1 1477.7 2523.1 1631.8 1111.6 1736.9 2548.2 2564.2 1709.8 2873.4 2889.4 1978.9 1451.7 1735.8 1874.9 1145.6 2854.4 2870.4 2174.0 1680.8 2229.0 1087.5 2993.4 2883.4 2899.4 1880.9 1311.6 3006.4 2607.3 2623.3 1443.7 1743.9 1840.9 1856.9 2212.1 2228.1 2137.0 3016.5 2946.3 2962.3 1744.8 1132.5 1532.8 1548.8 1975.0 1991.0 2526.2 2542.2 2350.2 2366.2 3045.4 3061.4 2695.2 2711.2 1939.9 1955.9 2153.0 2169.0 2216.1 2232.1 1240.7 1817.9 1344.6 1686.8 2271.1 2759.3 2775.3 3003.4 3019.4 2509.2 1748.9 2296.1 1670.7 2390.2 1592.8 2867.5 2359.2 1293.7 1670.8 1832.9 1848.9 1671.9 2513.2 2529.2 2185.1 2201.0 1136.6 2486.2 1758.9 1248.5 1538.7 1246.6 2470.2 2486.2 1545.8 1664.8 1643.9 2044.1 1340.7 1548.8 1222.6 1908.9 3247.3 2327.0 2343.0 3831.6 1714.8 2126.1 3415.6 3431.6 1730.0 1573.9 1834.9 3259.5 3275.5 3552.7 3568.7 2308.1 1736.9 3155.5 1886.9 2341.2 2114.0 1903.1 1388.7 2421.3 1337.7 1267.7 1416.7 1565.8 1425.6 1593.8 1609.8 1411.7 1854.8 1668.8 1678.9 1309.7 1325.7 1420.8 1436.8 1552.9 1309.7 1522.8 2459.3 1797.9 1375.8 1378.7 2404.3 1989.1 1917.0 2332.2 2261.1 1706.9 2021.1 1578.8 3243.6 2215.1 1331.7 2009.0 1717.8 2589.3 2605.3 1084.6 1057.6 1168.6 2367.3 2172.1 
  Rosa chinensis (taxID:74649)                 3382.8 2389.3 2831.3 2887.6 3633.7 2663.3 1588.8 1408.8 1768.8 1492.7 2101.9 2192.4 1835.2 2765.6 3544.8 2132.3 2148.3 1596.0 3586.1 3202.9 
  Salmo salar (taxID:8030)                     2055.2 2833.5 3400.9 1649.9 1364.8 1582.8 3347.5 3363.5 3631.6 3647.6 1867.0 1881.0 3514.8 1741.9 2662.4 2132.1 1506.8 1378.7 2843.3 1611.8 1483.7 1802.9 2087.1 2078.1 1884.0 1462.7 1748.8 2584.4 2934.5 3031.4 1571.7 3296.5 2208.0 2180.1 2208.0 1111.4 1352.6 2547.3 2560.4 2688.5 2153.1 2047.0 1618.8 2522.5 1423.0 1587.9 2241.1 2046.2 2113.0 1619.8 2462.2 2478.2 2719.4 2735.4 1784.9 1503.8 1635.8 1941.0 1770.9 2373.2 1899.0 2297.2 2654.3 2169.1 2044.9 2530.1 1994.0 2010.0 3082.5 3098.5 1876.9 1892.9 1363.7 3625.7 3641.7 3838.9 3854.9 3024.5 2554.2 1519.8 1502.7 2054.0 1281.6 1901.9 1496.7 1341.8 2658.4 1313.8 1751.0 2219.1 1777.9 2269.1 1720.8 1538.7 2806.2 1403.7 1275.6 3319.4 2678.1 2292.2 2120.1 1741.9 1683.9 2234.2 1812.0 2393.2 2409.2 3067.4 3083.4 2875.5 2891.5 1744.8 1414.7 1367.6 1312.7 1349.7 1720.9 1436.8 2290.2 1386.7 3171.6 2047.0 3105.5 2416.1 2144.9 1671.1 1498.7 1610.8 1705.1 1429.9 2308.2 2020.0 1518.7 1693.8 1537.7 2547.1 1789.0 1411.9 1764.8 2121.0 1784.0 2577.2 1548.9 1805.1 1426.6 2109.0 2355.1 1326.8 1998.1 1539.9 3084.3 3297.4 3681.6 1685.8 1358.7 1197.6 1213.6 1193.5 1434.6 2035.8 2430.1 2008.0 3170.3 2516.0 2862.5 1271.7 2437.3 3332.7 2069.0 2150.2 2662.5 3565.9 1802.1 2259.3 3409.8 3565.9 1814.8 1709.8 1271.5 2477.1 2596.2 2827.2 2317.0 1867.8 3528.7 1830.0 2914.4 1719.8 1858.0 1656.9 3662.9 3322.6 3549.6 2004.9 1848.8 2668.4 2477.3 2349.2 2477.2 2168.1 2081.1 1736.9 1494.8 2390.2 2390.2 2234.1 1710.9 1554.8 2561.1 1463.8 1774.9 1383.7 1273.7 1728.8 1494.7 2028.1 2028.1 1900.0 2748.3 3498.7 3514.7 2620.2 2876.4 2677.2 1735.8 1579.7 1544.9 1366.6 1462.8 2936.4 1335.6 2335.1 1824.9 2824.4 3464.7 2340.2 2696.4 3042.7 1658.8 2620.2 2561.4 1927.9 2056.0 
  Sapajus apella (taxID:9515)                  2318.0 3079.4 2864.3 1512.7 3247.7 2072.0 1904.9 1941.9 2420.1 2361.1 1721.8 1736.7 1616.7 2343.2 1531.8 1299.6 1899.9 1837.0 1733.8 2251.1 2010.9 1384.6 2410.2 1819.9 1721.8 1707.8 2295.2 1615.8 1792.8 2487.2 2331.1 2748.3 2519.3 2662.4 2288.2 2426.2 2830.4 2843.4 2258.2 1608.9 1680.8 1870.9 
  Solanum tuberosum (taxID:4113)               2999.7 3610.0 3445.0 1265.6 1710.8 1866.8 1314.6 1915.8 2461.1 2287.0 1479.7 1879.9 2449.1 1540.7 2279.0 1710.8 2529.1 2017.8 1538.7 
  Sus scrofa (taxID:9823)                      2320.2 3460.6 2164.1 2351.1 2011.9 1315.5 2076.9 1363.8 1942.8 1650.9 1578.6 1414.7 1912.9 1655.8 2555.2 1418.7 2017.0 2252.1 2096.0 1631.8 1960.0 1787.9 1455.8 1611.9 1358.6 1670.8 2795.2 2509.2 2525.2 2490.2 2775.3 1503.8 2047.1 1455.6 1708.9 1465.8 1540.9 1872.0 2495.2 2367.1 1478.8 1475.8 1717.9 2471.2 1332.7 1479.8 1723.0 1356.8 1368.6 1623.9 2129.1 1973.0 2170.0 2552.3 2911.4 1850.9 1466.9 1495.8 1670.9 1430.7 1607.8 2114.0 2142.0 2013.9 2756.3 1554.9 2051.1 1997.0 1623.9 1675.8 2327.2 1398.8 1359.7 3050.6 1487.8 1838.0 1710.0 2889.4 2446.2 2392.2 2318.1 1521.8 1393.7 1521.8 1778.9 1444.7 1831.9 1480.8 1371.7 1531.8 1595.8 1432.7 1978.9 1510.7 1675.8 2438.2 1343.7 1510.7 2418.3 1352.7 1482.8 2015.9 2858.4 2144.0 1567.8 2219.2 1545.8 2273.1 1417.8 1691.8 2356.1 2746.3 2641.3 2428.1 1680.9 1866.0 2736.3 2580.2 1667.9 1539.8 1695.9 2460.2 3198.6 2816.5 1852.9 2307.2 1530.7 1886.9 1303.7 1894.0 1578.8 1517.7 1801.8 2975.4 2180.2 2797.3 1476.8 2521.3 2223.2 1646.9 3627.8 1659.8 2024.0 2227.2 1443.8 2721.3 2341.3 2906.4 2963.5 1877.0 1427.8 1468.8 1971.0 1898.0 1299.7 1879.0 1708.9 3023.4 2629.4 2672.4 1730.9 1980.0 1429.7 1688.9 1817.0 2073.1 1502.8 1918.0 2621.4 1561.8 1710.9 2076.0 1504.8 1541.8 1574.8 1577.8 3115.5 2885.4 2185.0 1294.7 1561.7 2176.0 1689.8 1373.8 1601.9 1990.0 1875.0 1647.8 2310.1 2182.0 2505.2 2838.4 1859.9 2089.0 1988.0 1493.7 2235.0 2149.0 2710.3 1516.8 1644.9 1747.7 1476.7 1790.8 2074.0 1776.9 1562.8 2634.3 1648.8 1995.0 1967.0 1838.9 2122.1 2023.0 1894.9 1682.8 2140.0 1881.9 1380.7 1551.8 1390.7 1823.9 1325.7 1766.9 1615.9 1519.8 1490.8 1979.0 2184.1 2134.9 1879.9 1477.7 1552.8 1924.9 2021.0 1702.8 1987.0 2647.3 1897.9 1525.7 1790.9 1808.9 1652.8 1880.0 2859.4 2344.2 2552.3 2925.4 2170.0 1820.9 1684.9 1448.7 1577.8 2098.1 2783.3 1572.8 2037.1 1953.0 1631.8 2331.2 1416.7 1515.8 2875.4 2432.2 2304.1 1498.7 1615.8 1516.7 2369.2 2213.1 1705.9 1697.9 1725.0 1369.7 1499.8 1224.7 1645.9 2276.2 2166.2 1358.7 1916.1 1727.9 1443.8 1556.8 1659.0 2173.0 2768.4 2784.4 3004.4 1235.6 2194.9 2580.1 3226.4 2284.1 1594.8 2988.4 2502.2 1525.7 2558.2 2801.3 1436.7 1679.8 2053.0 1879.9 1467.8 1276.7 2305.2 2263.2 2743.2 1374.7 1465.6 1556.8 2420.1 1965.0 1624.7 1830.9 2171.1 3117.5 2607.2 1305.7 2221.1 1320.6 1529.8 1472.7 1344.7 2447.2 1577.8 2123.1 1645.7 2191.0 2979.3 1733.8 1352.6 1669.8 1466.7 2164.0 1948.0 1307.7 1524.7 1473.7 1880.9 2973.3 2383.2 1467.7 1292.7 1491.6 1462.7 1920.0 2307.0 1921.8 2405.2 1565.8 2121.0 2249.1 1586.8 1725.8 2903.5 1637.9 2064.1 1689.8 1933.1 1931.0 1633.8 1875.0 1960.0 1920.0 1523.8 1713.9 1457.9 1659.0 1930.1 1635.9 2622.4 2575.5 1494.7 1461.7 1191.6 1309.6 1889.9 1491.8 1685.9 2112.1 2353.2 2495.3 1657.0 2863.5 2232.2 3579.9 1494.8 1366.7 1635.8 1738.9 1996.1 1659.9 1901.0 1931.9 2173.1 2458.2 1510.8 1879.0 3249.7 3577.0 2638.4 1484.7 1760.9 2181.1 1508.8 2422.3 2651.4 3217.6 3687.9 3331.6 1588.8 2131.1 2249.0 1601.9 1615.9 2887.4 2826.4 2933.5 2426.2 2618.4 3359.7 2974.4 1763.8 2297.3 2556.5 2524.5 2367.2 2089.1 1586.8 1703.8 1690.9 1518.7 2186.0 2052.1 1944.9 2699.4 1507.8 2246.2 2790.5 3288.8 3308.6 2102.0 1973.9 1481.7 1353.6 1977.0 2450.3 2390.3 1801.9 2443.2 2171.1 2717.5 1591.8 2717.5 2589.4 3177.5 1835.8 2519.1 2846.5 2159.1 1504.7 1354.6 1623.8 1610.8 1790.9 2094.1 1548.8 1402.8 3057.3 2099.9 3457.6 1960.9 2586.3 3452.8 3468.8 2297.2 2313.2 1956.0 1972.0 3196.6 3508.8 3251.6 2479.1 1742.9 1627.8 2736.3 3131.5 3434.6 2246.0 2633.2 2374.1 2744.4 1500.7 2616.4 1628.8 1595.7 1559.7 1632.8 1777.9 1459.8 1833.9 1671.9 1538.7 1645.9 1381.7 1908.9 1779.9 2050.0 1758.8 1649.8 1873.8 1604.8 1214.7 3495.8 1732.9 1534.8 1562.8 1406.7 2751.5 2767.5 2967.5 2156.1 1332.6 1488.7 1460.7 1727.9 1331.8 2587.1 1443.8 1978.9 1822.8 2767.5 3152.7 1508.8 2360.2 2745.5 2729.5 2217.1 1631.7 1787.8 2486.3 2617.3 2886.5 3022.5 1702.9 1519.8 1498.8 2087.1 2433.3 1642.8 1463.7 2908.5 3576.9 2988.5 2407.1 1704.9 1364.7 1223.6 1563.8 1452.7 1432.7 1329.7 1607.8 1333.7 2043.1 1464.8 2043.1 1915.0 1239.6 2123.1 1476.7 3188.6 2749.4 2934.5 2991.5 1824.9 2226.1 1953.0 1573.8 3145.5 2915.4 2215.0 1977.0 1862.0 1634.8 1488.7 1802.9 2086.0 2025.0 1997.0 1868.9 2158.0 1396.7 1565.8 1404.8 1842.9 1782.9 1631.9 1702.8 1987.0 2647.3 1906.9 1534.7 1790.9 2296.2 2037.1 2496.3 2439.2 2807.5 3419.7 2383.1 2367.3 2188.9 1384.5 1871.0 2236.0 2022.8 2172.1 1382.5 2939.4 2955.4 1658.8 1911.9 2564.2 2046.0 
  Takifugu rubripes (taxID:31033)              1915.9 1598.8 1478.7 1468.8 2249.1 1921.9 2037.9 2481.1 2263.2 3207.7 3255.5 3017.4 2776.2 2680.4 1464.8 1377.7 2211.3 2272.2 2265.1 1438.7 2506.3 1966.0 1375.8 1413.7 
  Terrapene triunguis (taxID:2587831)          1658.8 1966.0 1269.6 3021.6 3496.9 3625.0 1676.8 3522.9 1756.9 1513.8 3587.8 2591.3 2093.0 2305.1 2803.4 3403.6 1646.7 2942.5 2814.4 3404.7 3050.7 2768.5 2484.4 3406.8 3693.9 1397.8 2116.1 1703.9 2320.3 2403.4 1594.9 1751.9 2547.3 2361.2 2727.4 2628.4 2994.7 1497.9 1864.1 1654.0 3345.8 3186.8 2391.3 1941.1 2168.2 2382.4 1364.6 1719.8 2821.4 1760.9 1475.8 1419.8 1704.9 2643.4 1640.9 2042.2 1534.8 1991.0 1971.2 1843.1 1284.7 1446.8 2029.1 2066.1 1724.9 1511.8 1911.1 1537.8 1937.0 1562.8 1319.6 1807.0 1537.8 1665.9 1953.0 1476.7 1632.8 1643.8 2120.0 3550.7 2643.4 1926.0 1498.7 1519.8 1791.9 1924.0 2077.0 1543.8 2465.2 1497.7 1384.6 
  Vicugna pacos (taxID:30538)                  1985.0 1328.7 2317.1 2229.2 2246.1 2090.0 2249.2 2209.1 1728.9 2373.4 1464.7 2052.0 1735.1 1265.8 1410.7 1879.9 2569.4 1477.8 1177.7 
  Xenopus laevis (taxID:8355)                  1631.7 1759.8 3807.7 3449.7 2195.0 1757.9 1840.8 3725.9 1671.8 2304.0 2268.1 1462.6 1889.9 2020.9 3221.4 3377.5 
  Zea mays (taxID:4577)                        3270.7 1635.8 3429.6 2212.0 1775.7 1337.6 1599.9 1975.0 1402.7 3273.5 2272.2 2144.1 2736.4 2206.1 3429.7 2760.5 1726.9 2152.0 2168.0 1372.8 2308.1 2324.1 2799.4 3237.5 3599.7 2581.1 2103.0 1987.0 2808.2 2737.2 2096.1 2323.3 1745.8 2117.0 1274.7 1645.9 1658.9 1908.0 1359.7 1829.8 1596.8 1617.9 1440.7 2010.0 2827.4 2124.1 1405.7 1286.7 1439.7 1630.8 1599.7 2285.1 2849.3 1884.9 1268.6 2084.1 1642.9 

------------------------------
   DEAMIDATION
------------------------------

  Modified peptide markers: all

------------------------------
   OUTPUT FILES
------------------------------

  Main result file (TSV) : northeast_markers_deam.tsv
  Report (this file)     : report_northeast_markers_deam.txt

