=====================================================================

                              P A M P A                              

=====================================================================

Tue Oct  7 16:10:07 2025

pampa_craft.py --deamidation -p plant_markers.tsv -o plant_markers_deamidation.tsv

PAMPA CRAFT, mode DEAMIDATION

------------------------------
   INPUT PEPTIDE TABLE
------------------------------

  Petide table file(s) : plant_markers.tsv 
  Total number of species : 13

  Arabidopsis thaliana (taxID:3702)1923.0 2937.5 2953.5 1766.9 1688.9 2714.4 2129.2 1669.9 2258.0 1969.0 1614.8 1841.9 2298.0 1570.8 3264.5 3280.5 1662.9 1500.8 2648.1 3704.8 3720.8 1305.7 2399.1 2813.3 1810.8 1486.8 2556.3 2057.0 1682.7 1472.8 1544.9 1344.7 1897.0 1416.8 1886.1 2253.2 1758.0 1489.8 1992.9 1333.7 1825.2 2060.0 1697.1 
  Glycine max (taxID:3847)         2232.2 1902.0 3329.7 2468.2 1446.7 2964.4 3551.7 1742.9 1586.8 3062.5 1679.8 1494.7 2366.1 2551.2 3610.7 3176.6 2315.1 1931.9 3078.3 3360.4 2634.1 1521.8 1495.7 2479.3 1301.7 2607.4 2401.3 1450.6 3446.8 2229.1 2030.0 1873.9 2603.3 2273.1 3754.8 2522.3 1500.7 3173.5 1423.7 2387.2 2231.1 3134.5 3630.8 3290.6 1873.0 3154.4 3170.4 3397.6 3413.6 2078.9 2492.3 2620.3 2500.3 3465.8 3621.9 1373.7 1874.0 1728.9 
  Helianthus annuus (taxID:4232)   3036.3 2406.1 1946.0 3566.6 1427.7 1958.0 2168.1 1455.8 1758.0 1711.9 1611.9 2366.2 3542.7 2210.1 2877.3 1351.6 2903.4 1544.7 3472.7 3699.8 2114.1 1760.9 1604.8 1543.7 1543.7 1387.6 1466.7 1466.7 1554.8 1310.6 2463.1 2307.0 2255.3 1838.1 2387.3 1865.8 2021.9 2021.9 2191.1 1249.7 2347.2 2572.3 3080.6 3451.7 2297.3 2141.2 2283.1 1872.9 1512.8 1753.8 1597.7 2760.4 3035.5 3568.9 1608.9 3270.7 1947.0 1797.0 1640.9 1408.7 2008.0 1360.7 2885.5 2191.2 1543.8 1771.9 1492.8 1764.9 
  Helianthus tuberosus (taxID:4233)1750.9 2123.0 1616.8 1580.8 2947.7 2417.5 2937.7 2953.7 2105.3 3020.7 2559.3 3332.9 3148.8 2385.1 1688.9 1540.8 1614.8 1985.0 2130.1 1595.8 1751.9 1408.8 1280.7 1725.9 1437.8 1883.0 1495.7 2658.3 1671.7 1319.7 1751.9 2545.4 1372.8 1718.9 1931.0 1431.8 3179.5 1679.8 1365.7 3027.6 1832.8 1762.9 1532.9 2989.7 1737.1 1753.0 1367.9 1383.8 1832.9 2802.5 2861.6 2465.2 1557.8 1885.0 1401.7 2335.2 2915.5 1878.0 1263.7 1766.9 2011.0 1965.1 3077.6 1339.8 1369.7 1572.8 1956.0 2478.4 2977.6 3201.7 2914.5 2069.2 1800.0 3082.6 3136.6 1968.0 2034.0 3455.0 3471.0 1867.9 1367.8 1911.0 1963.2 1983.3 2669.6 1714.1 3406.8 3422.8 2926.6 2942.6 1807.1 2651.4 2667.4 1727.9 1432.8 1255.7 2695.4 1715.9 1458.7 2368.2 1852.9 1396.8 2845.4 1724.8 1622.8 1971.1 2396.2 1666.9 1800.9 2089.2 1211.7 
  Homo sapiens (taxID:9606)        1934.0 2213.1 2264.1 1547.9 2334.1 1527.7 3241.5 1471.8 2525.2 3727.8 3634.9 3150.7 3166.7 2432.3 3419.9 3435.9 2057.9 3055.4 2981.5 1770.9 1786.9 3651.6 1598.8 2220.2 2236.2 2012.1 2028.1 1608.8 2274.1 2009.0 2802.4 2674.3 2802.4 2389.1 2006.9 1878.8 2517.2 2553.3 2315.1 2627.5 1509.0 1352.9 1408.7 2517.4 1252.6 2175.2 1283.8 1560.7 1773.8 1802.8 2253.1 1146.6 1260.7 3269.7 
  Hordeum vulgare (taxID:4513)     1452.6 
  Phaseolus vulgaris (taxID:3885)  1775.8 1397.7 1775.9 2911.6 1732.9 1563.8 1834.9 2167.1 2156.3 1656.0 2471.2 1874.0 2882.4 2580.3 2085.0 1394.7 3354.8 1626.8 2335.1 1936.0 2257.2 1802.9 1438.8 2974.4 1423.8 2910.6 2605.3 2608.5 1302.8 3324.8 1324.7 1767.9 2019.1 2205.1 1734.8 3398.7 2423.3 2370.1 3109.5 1394.7 2160.1 1733.8 2204.1 2630.4 2445.3 2055.0 3058.5 1659.8 1446.7 2757.3 1630.8 3212.6 2949.4 1749.9 2416.2 1912.9 1784.8 2802.3 2802.3 2674.2 2471.3 2203.2 2629.4 2444.4 3088.5 1689.8 1476.7 2616.3 3164.5 2673.3 2488.2 1575.9 1375.8 3497.7 1807.8 2556.5 1708.9 1377.9 1553.8 3510.8 3006.6 2288.1 2335.2 1656.8 1769.9 2023.0 2949.4 3192.5 1451.8 3572.8 3297.7 1753.8 1992.0 1400.8 1959.0 2185.2 1833.0 2283.2 3237.6 2753.3 1443.7 3148.5 3367.8 1971.1 1217.7 2090.9 2444.2 2098.1 1476.7 1221.5 1830.9 2201.1 2492.3 2411.2 1478.6 2172.1 1608.7 1873.9 3120.7 2485.2 1658.8 2178.3 1483.6 1542.6 1643.7 1999.0 1586.8 2812.4 3212.5 2881.3 1986.9 2851.5 2217.1 2624.3 1322.7 1320.7 1465.7 2790.5 2577.4 1575.7 2405.2 1965.1 1914.1 2858.3 1751.9 2153.2 2807.6 1432.8 2018.0 2339.0 1574.7 2092.1 1851.9 1854.0 2339.3 3845.8 3099.6 2099.2 2011.1 2356.2 1256.7 3546.8 1861.9 1860.0 1703.9 1634.8 2852.4 1478.7 1647.8 
  Prunus dulcis (taxID:3755)       1699.9 2200.1 1828.0 2358.2 2973.6 2845.5 2829.4 3191.5 2690.3 3463.7 1304.7 1857.9 
  Rattus norvegicus (taxID:10116)  3831.6 3247.3 2327.0 2343.0 1714.8 2126.1 3415.6 3431.6 1730.0 1573.9 1834.9 3259.5 3275.5 3552.7 3568.7 2308.1 1736.9 3155.5 1886.9 2341.2 2114.0 1903.1 1388.7 2421.3 1337.7 1267.7 1416.7 1565.8 1425.6 1593.8 1609.8 1411.7 1854.8 1668.8 1678.9 1309.7 1325.7 1420.8 1436.8 1552.9 1309.7 1522.8 2459.3 1375.8 1378.7 2404.3 1989.1 1917.0 2332.2 2261.1 1706.9 2021.1 1578.8 3243.6 2215.1 1331.7 
  Rosa chinensis (taxID:74649)     3382.8 2831.3 2389.3 2887.6 3633.7 2663.3 1588.8 1408.8 1768.8 2101.9 2192.4 1835.2 2765.6 3544.8 2132.3 2148.3 1596.0 3586.1 3202.9 1492.7 
  Solanum tuberosum (taxID:4113)   3610.0 2999.7 3445.0 1265.6 1710.8 1866.8 1314.6 1915.8 2461.1 2287.0 1479.7 1540.7 1879.9 2279.0 1710.8 2449.1 2529.1 2017.8 1538.7 
  Sus scrofa (taxID:9823)          2465.4 3225.7 1783.9 3008.5 3465.7 1447.9 1919.1 1470.8 1655.8 2582.2 1863.9 1465.7 2389.1 2260.1 2132.0 1226.6 1483.7 2457.1 2214.0 2402.1 1981.9 1437.7 1301.6 1845.8 2496.1 1497.7 1213.6 2049.0 2316.0 1806.8 2276.0 2307.9 2117.9 1961.8 1428.7 1502.8 2186.1 2255.2 3058.4 3178.7 
  Zea mays (taxID:4577)            2736.4 2206.1 3429.7 2760.5 1726.9 2152.0 2168.0 1372.8 2308.1 2324.1 2799.4 3237.5 3599.7 2581.1 2103.0 1987.0 2808.2 2737.2 2096.1 2323.3 1745.8 2117.0 1274.7 1645.9 1658.9 1908.0 1359.7 1829.8 1596.8 1617.9 2010.0 1440.7 2827.4 2124.1 1405.7 1286.7 1439.7 1630.8 1599.7 2285.1 2849.3 1884.9 1268.6 2084.1 1642.9 3270.7 1635.8 3429.6 2212.0 1775.7 1337.6 1599.9 1975.0 1402.7 3273.5 2272.2 2144.1 

------------------------------
   DEAMIDATION
------------------------------

  Modified peptide markers: all

------------------------------
   OUTPUT FILES
------------------------------

  Main result file (TSV) : plant_markers_deamidation.tsv
  Report (this file)     : report_plant_markers_deamidation.txt

